timestep =4;
dt = 2^(-timestep);

SOC_init = 80;
I = 2;

% Battery internal resistance lookup table data
% For use with 2D lookup table in Simulink

% SOC breakpoints (State of Charge) [%]
SOC_bp = [0, 10, 20, 30, 40, 50, 60, 70, 80, 90, 100];

% Current breakpoints [A]
I_bp = [1, 2, 3, 4, 5, 6, 7, 8, 9, 10, 11, 12, 13, 14, 15, 16];


% Internal resistance table R0 [ohms]
% Rows correspond to current values (I_bp)
% Columns correspond to SOC values (SOC_bp)
R0_tbl = [
    127,    50,     35,     25,     17,     15,     14,     13,     12.5,   11,     9;
    125,    40,     27,     20,     16,     14,     12,     11,     10,     9,      8;
    123,    32,     24,     19,     15,     13,     11,     10,     9.5,    8.5,    7.5;
    120,    25,     22,     18,     14,     12,     10.5,   9.5,    8.5,    7,      6;
    110,    20,     18,     17,     13,     11,     10,     9,      7.75,   6.75,   5.5;
    95,     17,     15,     14,     12,     10,     9,      8,      7.25,   6.5,    5.25;
    80,     16,     14,     13,     11,     9,      8,      7.5,    7,      6.25,   5.125;
    71,     15,     13,     12,     10,     7.5,    6.75,   6.5,    6.25,   6,      5;
    63,     14,     12,     10,     9.25,   6,      5.75,   5.5,    5.375,  5.125,  4.9;
    54,     13,     11,     9.5,    9,      5,      4.75,   4.5,    4.25,   4.125,  4;
    47,     12.5,   10.5,   9,      8,      4.5,    4.375,  4.25,   4.15,   4,      3.875;
    41,     12,     10,     8,      7,      4,      3.875,  3.75,   3.625,  3.5,    3.4;
    36,     11,     9.5,    7.5,    6,      3.75,   3.5,    3.375,  3.125,  3,      2.9;
    33,     10,     9,      7,      5.5,    3.25,   3.125,  3,      2.9,    2.88,   2.8;
    30,     9,      8.5,    6.5,    5,      3,      2.8,    2.75,   2.7,    2.67,   2.6;
    28,     7,      6.8,    6.3,    4.9,    2.75,   2.6,    2.55,   2.5,    2.45,   2.4
];

% Internal resistance table R1 [ohms]
% Rows correspond to current values (I_bp)
% Columns correspond to SOC values (SOC_bp)
R1_tbl = [
    97.5,   50,             20,             15,             12,             10,     9,      8.5,    8.25,   8,      7.875;
    83,     42.56410256,    17.02564103,    12.76923077,    10.21538462,    9.75,   8.775,  8.2875, 8.04375, 7.8,   7.678125;
    76,     38.97435897,    15.58974359,    11.69230769,    16.69230769,    9.5,    8.55,   8.075,  7.8375, 7.6,    7.48125;
    69,     35.38461538,    14.15384615,    10.61538462,    15.61538462,    9.4,    8.46,   7.99,   7.755,  7.52,   7.4025;
    63,     32.30769231,    12.92307692,    9.692307692,    14.69230769,    9.25,   8.325,  7.8625, 7.63125, 7.4,   7.284375;
    58,     29.74358974,    11.8974359,     8.923076923,    13.92307692,    9.125,  8.2125, 7.75625, 7.528125, 7.3,  7.1859375;
    53,     27.17948718,    10.87179487,    8.153846154,    13.15384615,    9,      8.1,    7.65,   7.425,  7.2,    7.0875;
    48,     24.61538462,    9.846153846,    7.384615385,    12.38461538,    8.925,  8.0325, 7.58625, 7.363125, 7.14, 7.0284375;
    44,     22.56410256,    9.025641026,    6.769230769,    11.76923077,    8.875,  7.9875, 7.54375, 7.321875, 7.1,  6.9890625;
    40,     20.51282051,    9.25,           7.25,           12.25,          8.5,    7.65,   7.225,  7.0125, 6.8,    6.69375;
    36,     18.46153846,    9.75,           7.641891892,    12.64189189,    8.25,   7.425,  7.0125, 6.80625, 6.6,   6.496875;
    33,     16.92307692,    10.5,           8.22972973,     13.22972973,    8,      7.2,    6.8,    6.6,    6.4,    6.3;
    30,     15.38461538,    11.5,           9.013513514,    14.01351351,    7,      6.3,    5.95,   5.775,  5.6,    5.5125;
    28,     14.35897436,    12.75,          9.993243243,    14.99324324,    6,      5.4,    5.1,    4.95,   4.8,    4.725;
    27,     13.84615385,    14.75,          15.25,          14,             12,     10.8,   10.2,   9.9,    9.6,    9.45;
    25,     12.82051282,    15,             18,             15,             10,     9,      8.5,    8.25,   6.77,   6.5625
];
% Capacitance table C1 [Farads]
% Rows correspond to current values (I_bp)
% Columns correspond to SOC values (SOC_bp)
C1_tbl = [
    3.25,   4,      5,      6.75,   6.85,   7.75,   8,      9,      10,     11,     14;
    3.35,   5,      6.25,   8.25,   12.9,   13.9,   12.9,   12,     13.25,  18.25,  18.75;
    3.5,    6,      6.5,    8,      13.5,   15,     14.3,   12.3,   13.75,  18.5,   19.5;
    5,      5.5,    6,      10.5,   14,     15.5,   15.4,   12.5,   14,     18.75,  19.8;
    6,      5,      5.25,   12,     14.5,   16,     15.75,  12.8,   14.25,  19,     20;
    5,      4,      6,      12.75,  15,     16.25,  16,     13,     14.7,   19.3,   20.4;
    4.5,    4.35,   7,      13.25,  15.5,   16.4,   16.35,  13.25,  15,     19.6,   20.9;
    4.25,   4.5,    8,      13.75,  15.9,   16.7,   16.5,   13.5,   15.4,   20,     21.3;
    4,      5,      8.5,    14.25,  16.5,   17.2,   17,     14,     15.6,   19.7,   21;
    3.75,   6,      8.75,   14.85,  16.9,   17.5,   17.25,  13.75,  15.8,   19.6,   20;
    4,      7,      9,      14.25,  16.4,   17.3,   16.9,   14,     16,     18,     19.5;
    3.85,   5.6,    8.5,    13,     15.6,   16,     15.5,   13.5,   15.7,   16,     17;
    3.6,    5,      7.5,    11.75,  14.5,   15,     14.95,  13,     15,     15,     15.5;
    3.65,   4.95,   6.5,    10.25,  13.25,  14,     14.1,   12.6,   14,     14,     14.7;
    3.75,   4.75,   5.75,   8.5,    12.25,  12.8,   11,     12.4,   13,     13.5,   14;
    4.25,   4.5,    5,      8,      10.5,   11.5,   11,     12,     12.4,   13,     13.5
];
% Internal resistance table R2 [ohms]
% Rows correspond to current values (I_bp)
% Columns correspond to SOC values (SOC_bp)
R2_tbl = [
    127.5,  120,    40,     45,     48,     46,     41,     34,     31,     32,     30;
    110,    105,    30,     35,     38,     36,     31,     24,     21,     22,     20;
    93,     85,     20,     25,     28,     26,     21,     14,     12.5,   14,     11.5;
    80,     72,     12,     17,     20,     18,     13,     10,     8,      9.5,    7;
    72,     64.8,   8,      13,     16,     14,     9,      6,      4,      5.5,    3;
    65,     58.5,   6,      11,     14,     12,     7,      5,      3.5,    5.25,   2.75;
    58,     52.2,   5,      10,     13,     11,     6,      4,      2.5,    4.25,   2.25;
    51,     45.9,   4,      9,      12,     10,     5,      3.75,   2.25,   4,      2.25;
    44,     39.6,   4,      9,      12,     10,     5,      3,      1.5,    3.25,   1.5;
    40,     36,     3.75,   8.75,   11.75,  9.75,   4.75,   2.75,   1.25,   3,      1.25;
    36,     32.4,   3.5,    8.5,    11.5,   9.5,    4.5,    2.5,    1.5,    3.3,    2.05;
    33,     29.7,   3.25,   8.25,   11.25,  9.25,   4.25,   2.25,   1.25,   3.05,   1.8;
    30,     27,     3.125,  8.125,  11.125, 9.125,  4.125,  2.125,  1.475,  3.275,  2.025;
    28,     25.2,   3,      8,      11,     9,      4,      2,      1.35,   3.15,   1.9;
    27,     24.3,   3,      8,      11,     9,      4,      2,      1.35,   3.15,   1.9;
    25,     22.5,   2.95,   7.95,   10.95,  8.95,   3.95,   1.95,   1.3,    3.1,    1.85
];
% Capacitance table C2 [Farads]
% Rows correspond to current values (I_bp)
% Columns correspond to SOC values (SOC_bp)
